Inputs
run_no, N, A_sail (m^2), altitude (km), F_drag (N), r_wire (m), d_wire (mm), R_hub (m), H_hub (m), mesh_hub (m), mesh_wire (m), E_nitinol (GPa), nu_nitinol, rho_nitinol (kg/m^3), R_sail (m), L_wire (m), beta (deg), w_scale (N/m^2)
1, 4, 9.0, 300, 1.132200e-02, 0.0005, 1.000, 0.03, 0.09, 0.02, 0.1, 3.5000e+01, 0.3, 6450.0, 2.121320, 2.100001, 90.0000, 1.283672e-03
2, 4, 9.0, 325, 6.864300e-03, 0.0005, 1.000, 0.03, 0.09, 0.02, 0.1, 3.5000e+01, 0.3, 6450.0, 2.121320, 2.100001, 90.0000, 7.782645e-04
3, 4, 9.0, 350, 4.113900e-03, 0.0005, 1.000, 0.03, 0.09, 0.02, 0.1, 3.5000e+01, 0.3, 6450.0, 2.121320, 2.100001, 90.0000, 4.664281e-04
4, 4, 9.0, 375, 2.816100e-03, 0.0005, 1.000, 0.03, 0.09, 0.02, 0.1, 3.5000e+01, 0.3, 6450.0, 2.121320, 2.100001, 90.0000, 3.192854e-04
5, 4, 9.0, 400, 1.631700e-03, 0.0005, 1.000, 0.03, 0.09, 0.02, 0.1, 3.5000e+01, 0.3, 6450.0, 2.121320, 2.100001, 90.0000, 1.849998e-04
6, 4, 9.0, 300, 1.132200e-02, 0.00075, 1.500, 0.03, 0.09, 0.02, 0.1, 3.5000e+01, 0.3, 6450.0, 2.121320, 2.100001, 90.0000, 1.283672e-03
7, 4, 9.0, 325, 6.864300e-03, 0.00075, 1.500, 0.03, 0.09, 0.02, 0.1, 3.5000e+01, 0.3, 6450.0, 2.121320, 2.100001, 90.0000, 7.782645e-04
8, 4, 9.0, 350, 4.113900e-03, 0.00075, 1.500, 0.03, 0.09, 0.02, 0.1, 3.5000e+01, 0.3, 6450.0, 2.121320, 2.100001, 90.0000, 4.664281e-04
9, 4, 9.0, 375, 2.816100e-03, 0.00075, 1.500, 0.03, 0.09, 0.02, 0.1, 3.5000e+01, 0.3, 6450.0, 2.121320, 2.100001, 90.0000, 3.192854e-04
10, 4, 9.0, 400, 1.631700e-03, 0.00075, 1.500, 0.03, 0.09, 0.02, 0.1, 3.5000e+01, 0.3, 6450.0, 2.121320, 2.100001, 90.0000, 1.849998e-04
11, 4, 9.0, 300, 1.132200e-02, 0.001, 2.000, 0.03, 0.09, 0.02, 0.1, 3.5000e+01, 0.3, 6450.0, 2.121320, 2.100001, 90.0000, 1.283672e-03
12, 4, 9.0, 325, 6.864300e-03, 0.001, 2.000, 0.03, 0.09, 0.02, 0.1, 3.5000e+01, 0.3, 6450.0, 2.121320, 2.100001, 90.0000, 7.782645e-04
13, 4, 9.0, 350, 4.113900e-03, 0.001, 2.000, 0.03, 0.09, 0.02, 0.1, 3.5000e+01, 0.3, 6450.0, 2.121320, 2.100001, 90.0000, 4.664281e-04
14, 4, 9.0, 375, 2.816100e-03, 0.001, 2.000, 0.03, 0.09, 0.02, 0.1, 3.5000e+01, 0.3, 6450.0, 2.121320, 2.100001, 90.0000, 3.192854e-04
15, 4, 9.0, 400, 1.631700e-03, 0.001, 2.000, 0.03, 0.09, 0.02, 0.1, 3.5000e+01, 0.3, 6450.0, 2.121320, 2.100001, 90.0000, 1.849998e-04
16, 4, 9.0, 300, 1.132200e-02, 0.00125, 2.500, 0.03, 0.09, 0.02, 0.1, 3.5000e+01, 0.3, 6450.0, 2.121320, 2.100001, 90.0000, 1.283672e-03
17, 4, 9.0, 325, 6.864300e-03, 0.00125, 2.500, 0.03, 0.09, 0.02, 0.1, 3.5000e+01, 0.3, 6450.0, 2.121320, 2.100001, 90.0000, 7.782645e-04
18, 4, 9.0, 350, 4.113900e-03, 0.00125, 2.500, 0.03, 0.09, 0.02, 0.1, 3.5000e+01, 0.3, 6450.0, 2.121320, 2.100001, 90.0000, 4.664281e-04
19, 4, 9.0, 375, 2.816100e-03, 0.00125, 2.500, 0.03, 0.09, 0.02, 0.1, 3.5000e+01, 0.3, 6450.0, 2.121320, 2.100001, 90.0000, 3.192854e-04
20, 4, 9.0, 400, 1.631700e-03, 0.00125, 2.500, 0.03, 0.09, 0.02, 0.1, 3.5000e+01, 0.3, 6450.0, 2.121320, 2.100001, 90.0000, 1.849998e-04
21, 4, 9.0, 300, 1.132200e-02, 0.0015, 3.000, 0.03, 0.09, 0.02, 0.1, 3.5000e+01, 0.3, 6450.0, 2.121320, 2.100001, 90.0000, 1.283672e-03
22, 4, 9.0, 325, 6.864300e-03, 0.0015, 3.000, 0.03, 0.09, 0.02, 0.1, 3.5000e+01, 0.3, 6450.0, 2.121320, 2.100001, 90.0000, 7.782645e-04
23, 4, 9.0, 350, 4.113900e-03, 0.0015, 3.000, 0.03, 0.09, 0.02, 0.1, 3.5000e+01, 0.3, 6450.0, 2.121320, 2.100001, 90.0000, 4.664281e-04
24, 4, 9.0, 375, 2.816100e-03, 0.0015, 3.000, 0.03, 0.09, 0.02, 0.1, 3.5000e+01, 0.3, 6450.0, 2.121320, 2.100001, 90.0000, 3.192854e-04
25, 4, 9.0, 400, 1.631700e-03, 0.0015, 3.000, 0.03, 0.09, 0.02, 0.1, 3.5000e+01, 0.3, 6450.0, 2.121320, 2.100001, 90.0000, 1.849998e-04
26, 6, 9.0, 300, 1.132200e-02, 0.0005, 1.000, 0.03, 0.09, 0.02, 0.1, 3.5000e+01, 0.3, 6450.0, 1.861210, 1.846028, 60.0000, 1.107453e-03
27, 6, 9.0, 325, 6.864300e-03, 0.0005, 1.000, 0.03, 0.09, 0.02, 0.1, 3.5000e+01, 0.3, 6450.0, 1.861210, 1.846028, 60.0000, 6.714262e-04
28, 6, 9.0, 350, 4.113900e-03, 0.0005, 1.000, 0.03, 0.09, 0.02, 0.1, 3.5000e+01, 0.3, 6450.0, 1.861210, 1.846028, 60.0000, 4.023979e-04
29, 6, 9.0, 375, 2.816100e-03, 0.0005, 1.000, 0.03, 0.09, 0.02, 0.1, 3.5000e+01, 0.3, 6450.0, 1.861210, 1.846028, 60.0000, 2.754546e-04
30, 6, 9.0, 400, 1.631700e-03, 0.0005, 1.000, 0.03, 0.09, 0.02, 0.1, 3.5000e+01, 0.3, 6450.0, 1.861210, 1.846028, 60.0000, 1.596035e-04
31, 6, 9.0, 300, 1.132200e-02, 0.00075, 1.500, 0.03, 0.09, 0.02, 0.1, 3.5000e+01, 0.3, 6450.0, 1.861210, 1.846028, 60.0000, 1.107453e-03
32, 6, 9.0, 325, 6.864300e-03, 0.00075, 1.500, 0.03, 0.09, 0.02, 0.1, 3.5000e+01, 0.3, 6450.0, 1.861210, 1.846028, 60.0000, 6.714262e-04
33, 6, 9.0, 350, 4.113900e-03, 0.00075, 1.500, 0.03, 0.09, 0.02, 0.1, 3.5000e+01, 0.3, 6450.0, 1.861210, 1.846028, 60.0000, 4.023979e-04
34, 6, 9.0, 375, 2.816100e-03, 0.00075, 1.500, 0.03, 0.09, 0.02, 0.1, 3.5000e+01, 0.3, 6450.0, 1.861210, 1.846028, 60.0000, 2.754546e-04
35, 6, 9.0, 400, 1.631700e-03, 0.00075, 1.500, 0.03, 0.09, 0.02, 0.1, 3.5000e+01, 0.3, 6450.0, 1.861210, 1.846028, 60.0000, 1.596035e-04
36, 6, 9.0, 300, 1.132200e-02, 0.001, 2.000, 0.03, 0.09, 0.02, 0.1, 3.5000e+01, 0.3, 6450.0, 1.861210, 1.846028, 60.0000, 1.107453e-03
37, 6, 9.0, 325, 6.864300e-03, 0.001, 2.000, 0.03, 0.09, 0.02, 0.1, 3.5000e+01, 0.3, 6450.0, 1.861210, 1.846028, 60.0000, 6.714262e-04
38, 6, 9.0, 350, 4.113900e-03, 0.001, 2.000, 0.03, 0.09, 0.02, 0.1, 3.5000e+01, 0.3, 6450.0, 1.861210, 1.846028, 60.0000, 4.023979e-04
39, 6, 9.0, 375, 2.816100e-03, 0.001, 2.000, 0.03, 0.09, 0.02, 0.1, 3.5000e+01, 0.3, 6450.0, 1.861210, 1.846028, 60.0000, 2.754546e-04
40, 6, 9.0, 400, 1.631700e-03, 0.001, 2.000, 0.03, 0.09, 0.02, 0.1, 3.5000e+01, 0.3, 6450.0, 1.861210, 1.846028, 60.0000, 1.596035e-04
41, 6, 9.0, 300, 1.132200e-02, 0.00125, 2.500, 0.03, 0.09, 0.02, 0.1, 3.5000e+01, 0.3, 6450.0, 1.861210, 1.846028, 60.0000, 1.107453e-03
42, 6, 9.0, 325, 6.864300e-03, 0.00125, 2.500, 0.03, 0.09, 0.02, 0.1, 3.5000e+01, 0.3, 6450.0, 1.861210, 1.846028, 60.0000, 6.714262e-04
43, 6, 9.0, 350, 4.113900e-03, 0.00125, 2.500, 0.03, 0.09, 0.02, 0.1, 3.5000e+01, 0.3, 6450.0, 1.861210, 1.846028, 60.0000, 4.023979e-04
44, 6, 9.0, 375, 2.816100e-03, 0.00125, 2.500, 0.03, 0.09, 0.02, 0.1, 3.5000e+01, 0.3, 6450.0, 1.861210, 1.846028, 60.0000, 2.754546e-04
45, 6, 9.0, 400, 1.631700e-03, 0.00125, 2.500, 0.03, 0.09, 0.02, 0.1, 3.5000e+01, 0.3, 6450.0, 1.861210, 1.846028, 60.0000, 1.596035e-04
46, 6, 9.0, 300, 1.132200e-02, 0.0015, 3.000, 0.03, 0.09, 0.02, 0.1, 3.5000e+01, 0.3, 6450.0, 1.861210, 1.846028, 60.0000, 1.107453e-03
47, 6, 9.0, 325, 6.864300e-03, 0.0015, 3.000, 0.03, 0.09, 0.02, 0.1, 3.5000e+01, 0.3, 6450.0, 1.861210, 1.846028, 60.0000, 6.714262e-04
48, 6, 9.0, 350, 4.113900e-03, 0.0015, 3.000, 0.03, 0.09, 0.02, 0.1, 3.5000e+01, 0.3, 6450.0, 1.861210, 1.846028, 60.0000, 4.023979e-04
49, 6, 9.0, 375, 2.816100e-03, 0.0015, 3.000, 0.03, 0.09, 0.02, 0.1, 3.5000e+01, 0.3, 6450.0, 1.861210, 1.846028, 60.0000, 2.754546e-04
50, 6, 9.0, 400, 1.631700e-03, 0.0015, 3.000, 0.03, 0.09, 0.02, 0.1, 3.5000e+01, 0.3, 6450.0, 1.861210, 1.846028, 60.0000, 1.596035e-04
51, 8, 9.0, 300, 1.132200e-02, 0.0005, 1.000, 0.03, 0.09, 0.02, 0.1, 3.5000e+01, 0.3, 6450.0, 1.783811, 1.772115, 45.0000, 9.013209e-04
52, 8, 9.0, 325, 6.864300e-03, 0.0005, 1.000, 0.03, 0.09, 0.02, 0.1, 3.5000e+01, 0.3, 6450.0, 1.783811, 1.772115, 45.0000, 5.464527e-04
53, 8, 9.0, 350, 4.113900e-03, 0.0005, 1.000, 0.03, 0.09, 0.02, 0.1, 3.5000e+01, 0.3, 6450.0, 1.783811, 1.772115, 45.0000, 3.274990e-04
54, 8, 9.0, 375, 2.816100e-03, 0.0005, 1.000, 0.03, 0.09, 0.02, 0.1, 3.5000e+01, 0.3, 6450.0, 1.783811, 1.772115, 45.0000, 2.241839e-04
55, 8, 9.0, 400, 1.631700e-03, 0.0005, 1.000, 0.03, 0.09, 0.02, 0.1, 3.5000e+01, 0.3, 6450.0, 1.783811, 1.772115, 45.0000, 1.298962e-04
56, 8, 9.0, 300, 1.132200e-02, 0.00075, 1.500, 0.03, 0.09, 0.02, 0.1, 3.5000e+01, 0.3, 6450.0, 1.783811, 1.772115, 45.0000, 9.013209e-04
57, 8, 9.0, 325, 6.864300e-03, 0.00075, 1.500, 0.03, 0.09, 0.02, 0.1, 3.5000e+01, 0.3, 6450.0, 1.783811, 1.772115, 45.0000, 5.464527e-04
58, 8, 9.0, 350, 4.113900e-03, 0.00075, 1.500, 0.03, 0.09, 0.02, 0.1, 3.5000e+01, 0.3, 6450.0, 1.783811, 1.772115, 45.0000, 3.274990e-04
59, 8, 9.0, 375, 2.816100e-03, 0.00075, 1.500, 0.03, 0.09, 0.02, 0.1, 3.5000e+01, 0.3, 6450.0, 1.783811, 1.772115, 45.0000, 2.241839e-04
60, 8, 9.0, 400, 1.631700e-03, 0.00075, 1.500, 0.03, 0.09, 0.02, 0.1, 3.5000e+01, 0.3, 6450.0, 1.783811, 1.772115, 45.0000, 1.298962e-04
61, 8, 9.0, 300, 1.132200e-02, 0.001, 2.000, 0.03, 0.09, 0.02, 0.1, 3.5000e+01, 0.3, 6450.0, 1.783811, 1.772115, 45.0000, 9.013209e-04
62, 8, 9.0, 325, 6.864300e-03, 0.001, 2.000, 0.03, 0.09, 0.02, 0.1, 3.5000e+01, 0.3, 6450.0, 1.783811, 1.772115, 45.0000, 5.464527e-04
63, 8, 9.0, 350, 4.113900e-03, 0.001, 2.000, 0.03, 0.09, 0.02, 0.1, 3.5000e+01, 0.3, 6450.0, 1.783811, 1.772115, 45.0000, 3.274990e-04
64, 8, 9.0, 375, 2.816100e-03, 0.001, 2.000, 0.03, 0.09, 0.02, 0.1, 3.5000e+01, 0.3, 6450.0, 1.783811, 1.772115, 45.0000, 2.241839e-04
65, 8, 9.0, 400, 1.631700e-03, 0.001, 2.000, 0.03, 0.09, 0.02, 0.1, 3.5000e+01, 0.3, 6450.0, 1.783811, 1.772115, 45.0000, 1.298962e-04
66, 8, 9.0, 300, 1.132200e-02, 0.00125, 2.500, 0.03, 0.09, 0.02, 0.1, 3.5000e+01, 0.3, 6450.0, 1.783811, 1.772115, 45.0000, 9.013209e-04
67, 8, 9.0, 325, 6.864300e-03, 0.00125, 2.500, 0.03, 0.09, 0.02, 0.1, 3.5000e+01, 0.3, 6450.0, 1.783811, 1.772115, 45.0000, 5.464527e-04
68, 8, 9.0, 350, 4.113900e-03, 0.00125, 2.500, 0.03, 0.09, 0.02, 0.1, 3.5000e+01, 0.3, 6450.0, 1.783811, 1.772115, 45.0000, 3.274990e-04
69, 8, 9.0, 375, 2.816100e-03, 0.00125, 2.500, 0.03, 0.09, 0.02, 0.1, 3.5000e+01, 0.3, 6450.0, 1.783811, 1.772115, 45.0000, 2.241839e-04
70, 8, 9.0, 400, 1.631700e-03, 0.00125, 2.500, 0.03, 0.09, 0.02, 0.1, 3.5000e+01, 0.3, 6450.0, 1.783811, 1.772115, 45.0000, 1.298962e-04
71, 8, 9.0, 300, 1.132200e-02, 0.0015, 3.000, 0.03, 0.09, 0.02, 0.1, 3.5000e+01, 0.3, 6450.0, 1.783811, 1.772115, 45.0000, 9.013209e-04
72, 8, 9.0, 325, 6.864300e-03, 0.0015, 3.000, 0.03, 0.09, 0.02, 0.1, 3.5000e+01, 0.3, 6450.0, 1.783811, 1.772115, 45.0000, 5.464527e-04
73, 8, 9.0, 350, 4.113900e-03, 0.0015, 3.000, 0.03, 0.09, 0.02, 0.1, 3.5000e+01, 0.3, 6450.0, 1.783811, 1.772115, 45.0000, 3.274990e-04
74, 8, 9.0, 375, 2.816100e-03, 0.0015, 3.000, 0.03, 0.09, 0.02, 0.1, 3.5000e+01, 0.3, 6450.0, 1.783811, 1.772115, 45.0000, 2.241839e-04
75, 8, 9.0, 400, 1.631700e-03, 0.0015, 3.000, 0.03, 0.09, 0.02, 0.1, 3.5000e+01, 0.3, 6450.0, 1.783811, 1.772115, 45.0000, 1.298962e-04

Outputs
run_no, wire_mass (kg), max_deformation (m), max_stress_S11 (Pa), max_strain_E11, elapsed_time (s)
1, 0.0426, 1.657303e+00, 2.736595e+07, 7.818843e-04, 15.794
2, 0.0426, 1.277648e+00, 1.947078e+07, 5.563081e-04, 15.943
3, 0.0426, 8.928137e-01, 1.294480e+07, 3.698514e-04, 15.896
4, 0.0426, 6.505875e-01, 9.245891e+06, 2.641683e-04, 15.891
5, 0.0426, 3.933923e-01, 5.515426e+06, 1.575836e-04, 14.265
6, 0.0957, 5.286801e-01, 1.118801e+07, 3.196574e-04, 11.814
7, 0.0957, 3.292586e-01, 6.908652e+06, 1.973900e-04, 13.756
8, 0.0957, 1.994374e-01, 4.170636e+06, 1.191610e-04, 13.790
9, 0.0957, 1.369636e-01, 2.861255e+06, 8.175015e-05, 13.563
10, 0.0957, 7.951099e-02, 1.660030e+06, 4.742944e-05, 13.411
11, 0.1702, 1.739233e-01, 4.847199e+06, 1.384914e-04, 13.836
12, 0.1702, 1.057557e-01, 2.944652e+06, 8.413291e-05, 13.643
13, 0.1702, 6.345100e-02, 1.766109e+06, 5.046027e-05, 13.694
14, 0.1702, 4.344855e-02, 1.209231e+06, 3.454946e-05, 13.665
15, 0.1702, 2.517974e-02, 7.007430e+05, 2.002123e-05, 13.645
16, 0.2660, 7.151471e-02, 2.488327e+06, 7.109506e-05, 13.554
17, 0.2660, 4.337943e-02, 1.509134e+06, 4.311810e-05, 13.505
18, 0.2660, 2.600289e-02, 9.045655e+05, 2.584473e-05, 13.642
19, 0.2660, 1.780082e-02, 6.192282e+05, 1.769223e-05, 13.812
20, 0.2660, 1.031446e-02, 3.588002e+05, 1.025144e-05, 13.833
21, 0.3830, 3.450897e-02, 1.440596e+06, 4.115990e-05, 13.629
22, 0.3830, 2.092450e-02, 8.734732e+05, 2.495638e-05, 13.595
23, 0.3830, 1.254098e-02, 5.235038e+05, 1.495725e-05, 13.640
24, 0.3830, 8.584823e-03, 3.583588e+05, 1.023882e-05, 13.729
25, 0.3830, 4.974244e-03, 2.076408e+05, 5.932594e-06, 13.627
26, 0.0561, 1.011834e+00, 1.943555e+07, 5.553013e-04, 15.653
27, 0.0561, 6.942723e-01, 1.282085e+07, 3.663100e-04, 15.719
28, 0.0561, 4.420830e-01, 8.009712e+06, 2.288489e-04, 13.648
29, 0.0561, 3.089059e-01, 5.560951e+06, 1.588843e-04, 13.619
30, 0.0561, 1.812419e-01, 3.249986e+06, 9.285672e-05, 13.486
31, 0.1262, 2.470191e-01, 6.655934e+06, 1.901696e-04, 13.427
32, 0.1262, 1.509108e-01, 4.056603e+06, 1.159029e-04, 13.721
33, 0.1262, 9.070572e-02, 2.436039e+06, 6.960113e-05, 13.538
34, 0.1262, 6.214488e-02, 1.668543e+06, 4.767266e-05, 13.757
35, 0.1262, 3.602619e-02, 9.671224e+05, 2.763207e-05, 13.678
36, 0.2244, 7.901695e-02, 2.829144e+06, 8.083270e-05, 13.719
37, 0.2244, 4.794387e-02, 1.716176e+06, 4.903360e-05, 13.613
38, 0.2244, 2.874206e-02, 1.028743e+06, 2.939266e-05, 11.647
39, 0.2244, 1.967660e-02, 7.042504e+05, 2.012144e-05, 13.608
40, 0.2244, 1.140156e-02, 4.080697e+05, 1.165914e-05, 13.689
41, 0.3507, 3.239874e-02, 1.449549e+06, 4.141569e-05, 13.587
42, 0.3507, 1.964527e-02, 8.789112e+05, 2.511175e-05, 13.620
43, 0.3507, 1.177436e-02, 5.267657e+05, 1.505045e-05, 13.518
44, 0.3507, 8.060053e-03, 3.605920e+05, 1.030263e-05, 13.709
45, 0.3507, 4.670181e-03, 2.089348e+05, 5.969565e-06, 13.633
46, 0.5050, 1.562690e-02, 8.389515e+05, 2.397004e-05, 13.704
47, 0.5050, 9.474555e-03, 5.086497e+05, 1.453285e-05, 13.633
48, 0.5050, 5.678344e-03, 3.048457e+05, 8.709876e-06, 13.680
49, 0.5050, 3.887026e-03, 2.086773e+05, 5.962210e-06, 13.800
50, 0.5050, 2.252218e-03, 1.209116e+05, 3.454617e-06, 13.511
51, 0.0718, 7.410318e-01, 1.496733e+07, 4.276379e-04, 13.632
52, 0.0718, 4.835314e-01, 9.542768e+06, 2.726505e-04, 13.472
53, 0.0718, 2.992933e-01, 5.847388e+06, 1.670682e-04, 13.586
54, 0.0718, 2.069698e-01, 4.030804e+06, 1.151658e-04, 13.651
55, 0.0718, 1.206576e-01, 2.345363e+06, 6.701036e-05, 13.424
56, 0.1616, 1.649249e-01, 4.812862e+06, 1.375103e-04, 13.706
57, 0.1616, 1.003612e-01, 2.925374e+06, 8.358210e-05, 13.521
58, 0.1616, 6.023188e-02, 1.754905e+06, 5.014014e-05, 13.642
59, 0.1616, 4.124781e-02, 1.201633e+06, 3.433236e-05, 13.617
60, 0.1616, 2.390555e-02, 6.963644e+05, 1.989613e-05, 13.615
61, 0.2873, 5.245935e-02, 2.037807e+06, 5.822306e-05, 13.694
62, 0.2873, 3.181697e-02, 1.235800e+06, 3.530856e-05, 13.447
63, 0.2873, 1.907115e-02, 7.407083e+05, 2.116309e-05, 13.698
64, 0.2873, 1.305537e-02, 5.070536e+05, 1.448725e-05, 13.753
65, 0.2873, 7.564706e-03, 2.938011e+05, 8.394316e-06, 13.504
66, 0.4489, 2.149796e-02, 1.043711e+06, 2.982031e-05, 13.612
67, 0.4489, 1.303460e-02, 6.328082e+05, 1.808024e-05, 13.635
68, 0.4489, 7.812056e-03, 3.792596e+05, 1.083599e-05, 13.659
69, 0.4489, 5.347647e-03, 2.596169e+05, 7.417625e-06, 13.831
70, 0.4489, 3.098537e-03, 1.504272e+05, 4.297920e-06, 13.840
71, 0.6464, 1.036825e-02, 6.040309e+05, 1.725803e-05, 13.710
72, 0.6464, 6.286156e-03, 3.662155e+05, 1.046330e-05, 13.573
73, 0.6464, 3.767428e-03, 2.194805e+05, 6.270870e-06, 13.637
74, 0.6464, 2.578933e-03, 1.502417e+05, 4.292621e-06, 13.675
75, 0.6464, 1.494282e-03, 8.705287e+04, 2.487225e-06, 13.691
