Inputs
run_no, N, A_sail (m^2), altitude (km), F_drag (N), r_wire (m), d_wire (mm), R_hub (m), H_hub (m), mesh_hub (m), mesh_wire (m), E_nitinol (GPa), nu_nitinol, rho_nitinol (kg/m^3), R_sail (m), L_wire (m), beta (deg), w_scale (N/m^2)
1, 4, 9.0, 300, 1.132200e-02, 0.0005, 1.000, 0.03, 0.09, 0.02, 0.1, 35.00, 0.3, 6450.0, 2.121320, 2.100001, 90.0000, 1.283672e-03
2, 4, 9.0, 325, 6.864300e-03, 0.0005, 1.000, 0.03, 0.09, 0.02, 0.1, 35.00, 0.3, 6450.0, 2.121320, 2.100001, 90.0000, 7.782645e-04
3, 4, 9.0, 350, 4.113900e-03, 0.0005, 1.000, 0.03, 0.09, 0.02, 0.1, 35.00, 0.3, 6450.0, 2.121320, 2.100001, 90.0000, 4.664281e-04
4, 4, 9.0, 375, 2.816100e-03, 0.0005, 1.000, 0.03, 0.09, 0.02, 0.1, 35.00, 0.3, 6450.0, 2.121320, 2.100001, 90.0000, 3.192854e-04
5, 4, 9.0, 400, 1.631700e-03, 0.0005, 1.000, 0.03, 0.09, 0.02, 0.1, 35.00, 0.3, 6450.0, 2.121320, 2.100001, 90.0000, 1.849998e-04
6, 4, 9.0, 300, 1.132200e-02, 0.000625, 1.250, 0.03, 0.09, 0.02, 0.1, 35.00, 0.3, 6450.0, 2.121320, 2.100001, 90.0000, 1.283672e-03
7, 4, 9.0, 325, 6.864300e-03, 0.000625, 1.250, 0.03, 0.09, 0.02, 0.1, 35.00, 0.3, 6450.0, 2.121320, 2.100001, 90.0000, 7.782645e-04
8, 4, 9.0, 350, 4.113900e-03, 0.000625, 1.250, 0.03, 0.09, 0.02, 0.1, 35.00, 0.3, 6450.0, 2.121320, 2.100001, 90.0000, 4.664281e-04
9, 4, 9.0, 375, 2.816100e-03, 0.000625, 1.250, 0.03, 0.09, 0.02, 0.1, 35.00, 0.3, 6450.0, 2.121320, 2.100001, 90.0000, 3.192854e-04
10, 4, 9.0, 400, 1.631700e-03, 0.000625, 1.250, 0.03, 0.09, 0.02, 0.1, 35.00, 0.3, 6450.0, 2.121320, 2.100001, 90.0000, 1.849998e-04
11, 4, 9.0, 300, 1.132200e-02, 0.00075, 1.500, 0.03, 0.09, 0.02, 0.1, 35.00, 0.3, 6450.0, 2.121320, 2.100001, 90.0000, 1.283672e-03
12, 4, 9.0, 325, 6.864300e-03, 0.00075, 1.500, 0.03, 0.09, 0.02, 0.1, 35.00, 0.3, 6450.0, 2.121320, 2.100001, 90.0000, 7.782645e-04
13, 4, 9.0, 350, 4.113900e-03, 0.00075, 1.500, 0.03, 0.09, 0.02, 0.1, 35.00, 0.3, 6450.0, 2.121320, 2.100001, 90.0000, 4.664281e-04
14, 4, 9.0, 375, 2.816100e-03, 0.00075, 1.500, 0.03, 0.09, 0.02, 0.1, 35.00, 0.3, 6450.0, 2.121320, 2.100001, 90.0000, 3.192854e-04
15, 4, 9.0, 400, 1.631700e-03, 0.00075, 1.500, 0.03, 0.09, 0.02, 0.1, 35.00, 0.3, 6450.0, 2.121320, 2.100001, 90.0000, 1.849998e-04
16, 4, 9.0, 300, 1.132200e-02, 0.001, 2.000, 0.03, 0.09, 0.02, 0.1, 35.00, 0.3, 6450.0, 2.121320, 2.100001, 90.0000, 1.283672e-03
17, 4, 9.0, 325, 6.864300e-03, 0.001, 2.000, 0.03, 0.09, 0.02, 0.1, 35.00, 0.3, 6450.0, 2.121320, 2.100001, 90.0000, 7.782645e-04
18, 4, 9.0, 350, 4.113900e-03, 0.001, 2.000, 0.03, 0.09, 0.02, 0.1, 35.00, 0.3, 6450.0, 2.121320, 2.100001, 90.0000, 4.664281e-04
19, 4, 9.0, 375, 2.816100e-03, 0.001, 2.000, 0.03, 0.09, 0.02, 0.1, 35.00, 0.3, 6450.0, 2.121320, 2.100001, 90.0000, 3.192854e-04
20, 4, 9.0, 400, 1.631700e-03, 0.001, 2.000, 0.03, 0.09, 0.02, 0.1, 35.00, 0.3, 6450.0, 2.121320, 2.100001, 90.0000, 1.849998e-04
21, 4, 9.0, 300, 1.132200e-02, 0.00125, 2.500, 0.03, 0.09, 0.02, 0.1, 35.00, 0.3, 6450.0, 2.121320, 2.100001, 90.0000, 1.283672e-03
22, 4, 9.0, 325, 6.864300e-03, 0.00125, 2.500, 0.03, 0.09, 0.02, 0.1, 35.00, 0.3, 6450.0, 2.121320, 2.100001, 90.0000, 7.782645e-04
23, 4, 9.0, 350, 4.113900e-03, 0.00125, 2.500, 0.03, 0.09, 0.02, 0.1, 35.00, 0.3, 6450.0, 2.121320, 2.100001, 90.0000, 4.664281e-04
24, 4, 9.0, 375, 2.816100e-03, 0.00125, 2.500, 0.03, 0.09, 0.02, 0.1, 35.00, 0.3, 6450.0, 2.121320, 2.100001, 90.0000, 3.192854e-04
25, 4, 9.0, 400, 1.631700e-03, 0.00125, 2.500, 0.03, 0.09, 0.02, 0.1, 35.00, 0.3, 6450.0, 2.121320, 2.100001, 90.0000, 1.849998e-04
26, 4, 9.0, 300, 1.132200e-02, 0.0015, 3.000, 0.03, 0.09, 0.02, 0.1, 35.00, 0.3, 6450.0, 2.121320, 2.100001, 90.0000, 1.283672e-03
27, 4, 9.0, 325, 6.864300e-03, 0.0015, 3.000, 0.03, 0.09, 0.02, 0.1, 35.00, 0.3, 6450.0, 2.121320, 2.100001, 90.0000, 7.782645e-04
28, 4, 9.0, 350, 4.113900e-03, 0.0015, 3.000, 0.03, 0.09, 0.02, 0.1, 35.00, 0.3, 6450.0, 2.121320, 2.100001, 90.0000, 4.664281e-04
29, 4, 9.0, 375, 2.816100e-03, 0.0015, 3.000, 0.03, 0.09, 0.02, 0.1, 35.00, 0.3, 6450.0, 2.121320, 2.100001, 90.0000, 3.192854e-04
30, 4, 9.0, 400, 1.631700e-03, 0.0015, 3.000, 0.03, 0.09, 0.02, 0.1, 35.00, 0.3, 6450.0, 2.121320, 2.100001, 90.0000, 1.849998e-04
31, 6, 9.0, 300, 1.132200e-02, 0.0005, 1.000, 0.03, 0.09, 0.02, 0.1, 35.00, 0.3, 6450.0, 1.861210, 1.846028, 60.0000, 1.107453e-03
32, 6, 9.0, 325, 6.864300e-03, 0.0005, 1.000, 0.03, 0.09, 0.02, 0.1, 35.00, 0.3, 6450.0, 1.861210, 1.846028, 60.0000, 6.714262e-04
33, 6, 9.0, 350, 4.113900e-03, 0.0005, 1.000, 0.03, 0.09, 0.02, 0.1, 35.00, 0.3, 6450.0, 1.861210, 1.846028, 60.0000, 4.023979e-04
34, 6, 9.0, 375, 2.816100e-03, 0.0005, 1.000, 0.03, 0.09, 0.02, 0.1, 35.00, 0.3, 6450.0, 1.861210, 1.846028, 60.0000, 2.754546e-04
35, 6, 9.0, 400, 1.631700e-03, 0.0005, 1.000, 0.03, 0.09, 0.02, 0.1, 35.00, 0.3, 6450.0, 1.861210, 1.846028, 60.0000, 1.596035e-04
36, 6, 9.0, 300, 1.132200e-02, 0.000625, 1.250, 0.03, 0.09, 0.02, 0.1, 35.00, 0.3, 6450.0, 1.861210, 1.846028, 60.0000, 1.107453e-03
37, 6, 9.0, 325, 6.864300e-03, 0.000625, 1.250, 0.03, 0.09, 0.02, 0.1, 35.00, 0.3, 6450.0, 1.861210, 1.846028, 60.0000, 6.714262e-04
38, 6, 9.0, 350, 4.113900e-03, 0.000625, 1.250, 0.03, 0.09, 0.02, 0.1, 35.00, 0.3, 6450.0, 1.861210, 1.846028, 60.0000, 4.023979e-04
39, 6, 9.0, 375, 2.816100e-03, 0.000625, 1.250, 0.03, 0.09, 0.02, 0.1, 35.00, 0.3, 6450.0, 1.861210, 1.846028, 60.0000, 2.754546e-04
40, 6, 9.0, 400, 1.631700e-03, 0.000625, 1.250, 0.03, 0.09, 0.02, 0.1, 35.00, 0.3, 6450.0, 1.861210, 1.846028, 60.0000, 1.596035e-04
41, 6, 9.0, 300, 1.132200e-02, 0.00075, 1.500, 0.03, 0.09, 0.02, 0.1, 35.00, 0.3, 6450.0, 1.861210, 1.846028, 60.0000, 1.107453e-03
42, 6, 9.0, 325, 6.864300e-03, 0.00075, 1.500, 0.03, 0.09, 0.02, 0.1, 35.00, 0.3, 6450.0, 1.861210, 1.846028, 60.0000, 6.714262e-04
43, 6, 9.0, 350, 4.113900e-03, 0.00075, 1.500, 0.03, 0.09, 0.02, 0.1, 35.00, 0.3, 6450.0, 1.861210, 1.846028, 60.0000, 4.023979e-04
44, 6, 9.0, 375, 2.816100e-03, 0.00075, 1.500, 0.03, 0.09, 0.02, 0.1, 35.00, 0.3, 6450.0, 1.861210, 1.846028, 60.0000, 2.754546e-04
45, 6, 9.0, 400, 1.631700e-03, 0.00075, 1.500, 0.03, 0.09, 0.02, 0.1, 35.00, 0.3, 6450.0, 1.861210, 1.846028, 60.0000, 1.596035e-04
46, 6, 9.0, 300, 1.132200e-02, 0.001, 2.000, 0.03, 0.09, 0.02, 0.1, 35.00, 0.3, 6450.0, 1.861210, 1.846028, 60.0000, 1.107453e-03
47, 6, 9.0, 325, 6.864300e-03, 0.001, 2.000, 0.03, 0.09, 0.02, 0.1, 35.00, 0.3, 6450.0, 1.861210, 1.846028, 60.0000, 6.714262e-04
48, 6, 9.0, 350, 4.113900e-03, 0.001, 2.000, 0.03, 0.09, 0.02, 0.1, 35.00, 0.3, 6450.0, 1.861210, 1.846028, 60.0000, 4.023979e-04
49, 6, 9.0, 375, 2.816100e-03, 0.001, 2.000, 0.03, 0.09, 0.02, 0.1, 35.00, 0.3, 6450.0, 1.861210, 1.846028, 60.0000, 2.754546e-04
50, 6, 9.0, 400, 1.631700e-03, 0.001, 2.000, 0.03, 0.09, 0.02, 0.1, 35.00, 0.3, 6450.0, 1.861210, 1.846028, 60.0000, 1.596035e-04
51, 6, 9.0, 300, 1.132200e-02, 0.00125, 2.500, 0.03, 0.09, 0.02, 0.1, 35.00, 0.3, 6450.0, 1.861210, 1.846028, 60.0000, 1.107453e-03
52, 6, 9.0, 325, 6.864300e-03, 0.00125, 2.500, 0.03, 0.09, 0.02, 0.1, 35.00, 0.3, 6450.0, 1.861210, 1.846028, 60.0000, 6.714262e-04
53, 6, 9.0, 350, 4.113900e-03, 0.00125, 2.500, 0.03, 0.09, 0.02, 0.1, 35.00, 0.3, 6450.0, 1.861210, 1.846028, 60.0000, 4.023979e-04
54, 6, 9.0, 375, 2.816100e-03, 0.00125, 2.500, 0.03, 0.09, 0.02, 0.1, 35.00, 0.3, 6450.0, 1.861210, 1.846028, 60.0000, 2.754546e-04
55, 6, 9.0, 400, 1.631700e-03, 0.00125, 2.500, 0.03, 0.09, 0.02, 0.1, 35.00, 0.3, 6450.0, 1.861210, 1.846028, 60.0000, 1.596035e-04
56, 6, 9.0, 300, 1.132200e-02, 0.0015, 3.000, 0.03, 0.09, 0.02, 0.1, 35.00, 0.3, 6450.0, 1.861210, 1.846028, 60.0000, 1.107453e-03
57, 6, 9.0, 325, 6.864300e-03, 0.0015, 3.000, 0.03, 0.09, 0.02, 0.1, 35.00, 0.3, 6450.0, 1.861210, 1.846028, 60.0000, 6.714262e-04
58, 6, 9.0, 350, 4.113900e-03, 0.0015, 3.000, 0.03, 0.09, 0.02, 0.1, 35.00, 0.3, 6450.0, 1.861210, 1.846028, 60.0000, 4.023979e-04
59, 6, 9.0, 375, 2.816100e-03, 0.0015, 3.000, 0.03, 0.09, 0.02, 0.1, 35.00, 0.3, 6450.0, 1.861210, 1.846028, 60.0000, 2.754546e-04
60, 6, 9.0, 400, 1.631700e-03, 0.0015, 3.000, 0.03, 0.09, 0.02, 0.1, 35.00, 0.3, 6450.0, 1.861210, 1.846028, 60.0000, 1.596035e-04
61, 8, 9.0, 300, 1.132200e-02, 0.0005, 1.000, 0.03, 0.09, 0.02, 0.1, 35.00, 0.3, 6450.0, 1.783811, 1.772115, 45.0000, 9.013209e-04
62, 8, 9.0, 325, 6.864300e-03, 0.0005, 1.000, 0.03, 0.09, 0.02, 0.1, 35.00, 0.3, 6450.0, 1.783811, 1.772115, 45.0000, 5.464527e-04
63, 8, 9.0, 350, 4.113900e-03, 0.0005, 1.000, 0.03, 0.09, 0.02, 0.1, 35.00, 0.3, 6450.0, 1.783811, 1.772115, 45.0000, 3.274990e-04
64, 8, 9.0, 375, 2.816100e-03, 0.0005, 1.000, 0.03, 0.09, 0.02, 0.1, 35.00, 0.3, 6450.0, 1.783811, 1.772115, 45.0000, 2.241839e-04
65, 8, 9.0, 400, 1.631700e-03, 0.0005, 1.000, 0.03, 0.09, 0.02, 0.1, 35.00, 0.3, 6450.0, 1.783811, 1.772115, 45.0000, 1.298962e-04
66, 8, 9.0, 300, 1.132200e-02, 0.000625, 1.250, 0.03, 0.09, 0.02, 0.1, 35.00, 0.3, 6450.0, 1.783811, 1.772115, 45.0000, 9.013209e-04
67, 8, 9.0, 325, 6.864300e-03, 0.000625, 1.250, 0.03, 0.09, 0.02, 0.1, 35.00, 0.3, 6450.0, 1.783811, 1.772115, 45.0000, 5.464527e-04
68, 8, 9.0, 350, 4.113900e-03, 0.000625, 1.250, 0.03, 0.09, 0.02, 0.1, 35.00, 0.3, 6450.0, 1.783811, 1.772115, 45.0000, 3.274990e-04
69, 8, 9.0, 375, 2.816100e-03, 0.000625, 1.250, 0.03, 0.09, 0.02, 0.1, 35.00, 0.3, 6450.0, 1.783811, 1.772115, 45.0000, 2.241839e-04
70, 8, 9.0, 400, 1.631700e-03, 0.000625, 1.250, 0.03, 0.09, 0.02, 0.1, 35.00, 0.3, 6450.0, 1.783811, 1.772115, 45.0000, 1.298962e-04
71, 8, 9.0, 300, 1.132200e-02, 0.00075, 1.500, 0.03, 0.09, 0.02, 0.1, 35.00, 0.3, 6450.0, 1.783811, 1.772115, 45.0000, 9.013209e-04
72, 8, 9.0, 325, 6.864300e-03, 0.00075, 1.500, 0.03, 0.09, 0.02, 0.1, 35.00, 0.3, 6450.0, 1.783811, 1.772115, 45.0000, 5.464527e-04
73, 8, 9.0, 350, 4.113900e-03, 0.00075, 1.500, 0.03, 0.09, 0.02, 0.1, 35.00, 0.3, 6450.0, 1.783811, 1.772115, 45.0000, 3.274990e-04
74, 8, 9.0, 375, 2.816100e-03, 0.00075, 1.500, 0.03, 0.09, 0.02, 0.1, 35.00, 0.3, 6450.0, 1.783811, 1.772115, 45.0000, 2.241839e-04
75, 8, 9.0, 400, 1.631700e-03, 0.00075, 1.500, 0.03, 0.09, 0.02, 0.1, 35.00, 0.3, 6450.0, 1.783811, 1.772115, 45.0000, 1.298962e-04
76, 8, 9.0, 300, 1.132200e-02, 0.001, 2.000, 0.03, 0.09, 0.02, 0.1, 35.00, 0.3, 6450.0, 1.783811, 1.772115, 45.0000, 9.013209e-04
77, 8, 9.0, 325, 6.864300e-03, 0.001, 2.000, 0.03, 0.09, 0.02, 0.1, 35.00, 0.3, 6450.0, 1.783811, 1.772115, 45.0000, 5.464527e-04
78, 8, 9.0, 350, 4.113900e-03, 0.001, 2.000, 0.03, 0.09, 0.02, 0.1, 35.00, 0.3, 6450.0, 1.783811, 1.772115, 45.0000, 3.274990e-04
79, 8, 9.0, 375, 2.816100e-03, 0.001, 2.000, 0.03, 0.09, 0.02, 0.1, 35.00, 0.3, 6450.0, 1.783811, 1.772115, 45.0000, 2.241839e-04
80, 8, 9.0, 400, 1.631700e-03, 0.001, 2.000, 0.03, 0.09, 0.02, 0.1, 35.00, 0.3, 6450.0, 1.783811, 1.772115, 45.0000, 1.298962e-04
81, 8, 9.0, 300, 1.132200e-02, 0.00125, 2.500, 0.03, 0.09, 0.02, 0.1, 35.00, 0.3, 6450.0, 1.783811, 1.772115, 45.0000, 9.013209e-04
82, 8, 9.0, 325, 6.864300e-03, 0.00125, 2.500, 0.03, 0.09, 0.02, 0.1, 35.00, 0.3, 6450.0, 1.783811, 1.772115, 45.0000, 5.464527e-04
83, 8, 9.0, 350, 4.113900e-03, 0.00125, 2.500, 0.03, 0.09, 0.02, 0.1, 35.00, 0.3, 6450.0, 1.783811, 1.772115, 45.0000, 3.274990e-04
84, 8, 9.0, 375, 2.816100e-03, 0.00125, 2.500, 0.03, 0.09, 0.02, 0.1, 35.00, 0.3, 6450.0, 1.783811, 1.772115, 45.0000, 2.241839e-04
85, 8, 9.0, 400, 1.631700e-03, 0.00125, 2.500, 0.03, 0.09, 0.02, 0.1, 35.00, 0.3, 6450.0, 1.783811, 1.772115, 45.0000, 1.298962e-04
86, 8, 9.0, 300, 1.132200e-02, 0.0015, 3.000, 0.03, 0.09, 0.02, 0.1, 35.00, 0.3, 6450.0, 1.783811, 1.772115, 45.0000, 9.013209e-04
87, 8, 9.0, 325, 6.864300e-03, 0.0015, 3.000, 0.03, 0.09, 0.02, 0.1, 35.00, 0.3, 6450.0, 1.783811, 1.772115, 45.0000, 5.464527e-04
88, 8, 9.0, 350, 4.113900e-03, 0.0015, 3.000, 0.03, 0.09, 0.02, 0.1, 35.00, 0.3, 6450.0, 1.783811, 1.772115, 45.0000, 3.274990e-04
89, 8, 9.0, 375, 2.816100e-03, 0.0015, 3.000, 0.03, 0.09, 0.02, 0.1, 35.00, 0.3, 6450.0, 1.783811, 1.772115, 45.0000, 2.241839e-04
90, 8, 9.0, 400, 1.631700e-03, 0.0015, 3.000, 0.03, 0.09, 0.02, 0.1, 35.00, 0.3, 6450.0, 1.783811, 1.772115, 45.0000, 1.298962e-04
91, 10, 9.0, 300, 1.132200e-02, 0.0005, 1.000, 0.03, 0.09, 0.02, 0.1, 35.00, 0.3, 6450.0, 1.749955, 1.740452, 36.0000, 7.475307e-04
92, 10, 9.0, 325, 6.864300e-03, 0.0005, 1.000, 0.03, 0.09, 0.02, 0.1, 35.00, 0.3, 6450.0, 1.749955, 1.740452, 36.0000, 4.532128e-04
93, 10, 9.0, 350, 4.113900e-03, 0.0005, 1.000, 0.03, 0.09, 0.02, 0.1, 35.00, 0.3, 6450.0, 1.749955, 1.740452, 36.0000, 2.716187e-04
94, 10, 9.0, 375, 2.816100e-03, 0.0005, 1.000, 0.03, 0.09, 0.02, 0.1, 35.00, 0.3, 6450.0, 1.749955, 1.740452, 36.0000, 1.859319e-04
95, 10, 9.0, 400, 1.631700e-03, 0.0005, 1.000, 0.03, 0.09, 0.02, 0.1, 35.00, 0.3, 6450.0, 1.749955, 1.740452, 36.0000, 1.077324e-04
96, 10, 9.0, 300, 1.132200e-02, 0.000625, 1.250, 0.03, 0.09, 0.02, 0.1, 35.00, 0.3, 6450.0, 1.749955, 1.740452, 36.0000, 7.475307e-04
97, 10, 9.0, 325, 6.864300e-03, 0.000625, 1.250, 0.03, 0.09, 0.02, 0.1, 35.00, 0.3, 6450.0, 1.749955, 1.740452, 36.0000, 4.532128e-04
98, 10, 9.0, 350, 4.113900e-03, 0.000625, 1.250, 0.03, 0.09, 0.02, 0.1, 35.00, 0.3, 6450.0, 1.749955, 1.740452, 36.0000, 2.716187e-04
99, 10, 9.0, 375, 2.816100e-03, 0.000625, 1.250, 0.03, 0.09, 0.02, 0.1, 35.00, 0.3, 6450.0, 1.749955, 1.740452, 36.0000, 1.859319e-04
100, 10, 9.0, 400, 1.631700e-03, 0.000625, 1.250, 0.03, 0.09, 0.02, 0.1, 35.00, 0.3, 6450.0, 1.749955, 1.740452, 36.0000, 1.077324e-04
101, 10, 9.0, 300, 1.132200e-02, 0.00075, 1.500, 0.03, 0.09, 0.02, 0.1, 35.00, 0.3, 6450.0, 1.749955, 1.740452, 36.0000, 7.475307e-04
102, 10, 9.0, 325, 6.864300e-03, 0.00075, 1.500, 0.03, 0.09, 0.02, 0.1, 35.00, 0.3, 6450.0, 1.749955, 1.740452, 36.0000, 4.532128e-04
103, 10, 9.0, 350, 4.113900e-03, 0.00075, 1.500, 0.03, 0.09, 0.02, 0.1, 35.00, 0.3, 6450.0, 1.749955, 1.740452, 36.0000, 2.716187e-04
104, 10, 9.0, 375, 2.816100e-03, 0.00075, 1.500, 0.03, 0.09, 0.02, 0.1, 35.00, 0.3, 6450.0, 1.749955, 1.740452, 36.0000, 1.859319e-04
105, 10, 9.0, 400, 1.631700e-03, 0.00075, 1.500, 0.03, 0.09, 0.02, 0.1, 35.00, 0.3, 6450.0, 1.749955, 1.740452, 36.0000, 1.077324e-04
106, 10, 9.0, 300, 1.132200e-02, 0.001, 2.000, 0.03, 0.09, 0.02, 0.1, 35.00, 0.3, 6450.0, 1.749955, 1.740452, 36.0000, 7.475307e-04
107, 10, 9.0, 325, 6.864300e-03, 0.001, 2.000, 0.03, 0.09, 0.02, 0.1, 35.00, 0.3, 6450.0, 1.749955, 1.740452, 36.0000, 4.532128e-04
108, 10, 9.0, 350, 4.113900e-03, 0.001, 2.000, 0.03, 0.09, 0.02, 0.1, 35.00, 0.3, 6450.0, 1.749955, 1.740452, 36.0000, 2.716187e-04
109, 10, 9.0, 375, 2.816100e-03, 0.001, 2.000, 0.03, 0.09, 0.02, 0.1, 35.00, 0.3, 6450.0, 1.749955, 1.740452, 36.0000, 1.859319e-04
110, 10, 9.0, 400, 1.631700e-03, 0.001, 2.000, 0.03, 0.09, 0.02, 0.1, 35.00, 0.3, 6450.0, 1.749955, 1.740452, 36.0000, 1.077324e-04
111, 10, 9.0, 300, 1.132200e-02, 0.00125, 2.500, 0.03, 0.09, 0.02, 0.1, 35.00, 0.3, 6450.0, 1.749955, 1.740452, 36.0000, 7.475307e-04
112, 10, 9.0, 325, 6.864300e-03, 0.00125, 2.500, 0.03, 0.09, 0.02, 0.1, 35.00, 0.3, 6450.0, 1.749955, 1.740452, 36.0000, 4.532128e-04
113, 10, 9.0, 350, 4.113900e-03, 0.00125, 2.500, 0.03, 0.09, 0.02, 0.1, 35.00, 0.3, 6450.0, 1.749955, 1.740452, 36.0000, 2.716187e-04
114, 10, 9.0, 375, 2.816100e-03, 0.00125, 2.500, 0.03, 0.09, 0.02, 0.1, 35.00, 0.3, 6450.0, 1.749955, 1.740452, 36.0000, 1.859319e-04
115, 10, 9.0, 400, 1.631700e-03, 0.00125, 2.500, 0.03, 0.09, 0.02, 0.1, 35.00, 0.3, 6450.0, 1.749955, 1.740452, 36.0000, 1.077324e-04
116, 10, 9.0, 300, 1.132200e-02, 0.0015, 3.000, 0.03, 0.09, 0.02, 0.1, 35.00, 0.3, 6450.0, 1.749955, 1.740452, 36.0000, 7.475307e-04
117, 10, 9.0, 325, 6.864300e-03, 0.0015, 3.000, 0.03, 0.09, 0.02, 0.1, 35.00, 0.3, 6450.0, 1.749955, 1.740452, 36.0000, 4.532128e-04
118, 10, 9.0, 350, 4.113900e-03, 0.0015, 3.000, 0.03, 0.09, 0.02, 0.1, 35.00, 0.3, 6450.0, 1.749955, 1.740452, 36.0000, 2.716187e-04
119, 10, 9.0, 375, 2.816100e-03, 0.0015, 3.000, 0.03, 0.09, 0.02, 0.1, 35.00, 0.3, 6450.0, 1.749955, 1.740452, 36.0000, 1.859319e-04
120, 10, 9.0, 400, 1.631700e-03, 0.0015, 3.000, 0.03, 0.09, 0.02, 0.1, 35.00, 0.3, 6450.0, 1.749955, 1.740452, 36.0000, 1.077324e-04
121, 12, 9.0, 300, 1.132200e-02, 0.0005, 1.000, 0.03, 0.09, 0.02, 0.1, 35.00, 0.3, 6450.0, 1.732051, 1.724044, 30.0000, 6.348561e-04
122, 12, 9.0, 325, 6.864300e-03, 0.0005, 1.000, 0.03, 0.09, 0.02, 0.1, 35.00, 0.3, 6450.0, 1.732051, 1.724044, 30.0000, 3.849004e-04
123, 12, 9.0, 350, 4.113900e-03, 0.0005, 1.000, 0.03, 0.09, 0.02, 0.1, 35.00, 0.3, 6450.0, 1.732051, 1.724044, 30.0000, 2.306778e-04
124, 12, 9.0, 375, 2.816100e-03, 0.0005, 1.000, 0.03, 0.09, 0.02, 0.1, 35.00, 0.3, 6450.0, 1.732051, 1.724044, 30.0000, 1.579066e-04
125, 12, 9.0, 400, 1.631700e-03, 0.0005, 1.000, 0.03, 0.09, 0.02, 0.1, 35.00, 0.3, 6450.0, 1.732051, 1.724044, 30.0000, 9.149397e-05
126, 12, 9.0, 300, 1.132200e-02, 0.000625, 1.250, 0.03, 0.09, 0.02, 0.1, 35.00, 0.3, 6450.0, 1.732051, 1.724044, 30.0000, 6.348561e-04
127, 12, 9.0, 325, 6.864300e-03, 0.000625, 1.250, 0.03, 0.09, 0.02, 0.1, 35.00, 0.3, 6450.0, 1.732051, 1.724044, 30.0000, 3.849004e-04
128, 12, 9.0, 350, 4.113900e-03, 0.000625, 1.250, 0.03, 0.09, 0.02, 0.1, 35.00, 0.3, 6450.0, 1.732051, 1.724044, 30.0000, 2.306778e-04
129, 12, 9.0, 375, 2.816100e-03, 0.000625, 1.250, 0.03, 0.09, 0.02, 0.1, 35.00, 0.3, 6450.0, 1.732051, 1.724044, 30.0000, 1.579066e-04
130, 12, 9.0, 400, 1.631700e-03, 0.000625, 1.250, 0.03, 0.09, 0.02, 0.1, 35.00, 0.3, 6450.0, 1.732051, 1.724044, 30.0000, 9.149397e-05
131, 12, 9.0, 300, 1.132200e-02, 0.00075, 1.500, 0.03, 0.09, 0.02, 0.1, 35.00, 0.3, 6450.0, 1.732051, 1.724044, 30.0000, 6.348561e-04
132, 12, 9.0, 325, 6.864300e-03, 0.00075, 1.500, 0.03, 0.09, 0.02, 0.1, 35.00, 0.3, 6450.0, 1.732051, 1.724044, 30.0000, 3.849004e-04
133, 12, 9.0, 350, 4.113900e-03, 0.00075, 1.500, 0.03, 0.09, 0.02, 0.1, 35.00, 0.3, 6450.0, 1.732051, 1.724044, 30.0000, 2.306778e-04
134, 12, 9.0, 375, 2.816100e-03, 0.00075, 1.500, 0.03, 0.09, 0.02, 0.1, 35.00, 0.3, 6450.0, 1.732051, 1.724044, 30.0000, 1.579066e-04
135, 12, 9.0, 400, 1.631700e-03, 0.00075, 1.500, 0.03, 0.09, 0.02, 0.1, 35.00, 0.3, 6450.0, 1.732051, 1.724044, 30.0000, 9.149397e-05
136, 12, 9.0, 300, 1.132200e-02, 0.001, 2.000, 0.03, 0.09, 0.02, 0.1, 35.00, 0.3, 6450.0, 1.732051, 1.724044, 30.0000, 6.348561e-04
137, 12, 9.0, 325, 6.864300e-03, 0.001, 2.000, 0.03, 0.09, 0.02, 0.1, 35.00, 0.3, 6450.0, 1.732051, 1.724044, 30.0000, 3.849004e-04
138, 12, 9.0, 350, 4.113900e-03, 0.001, 2.000, 0.03, 0.09, 0.02, 0.1, 35.00, 0.3, 6450.0, 1.732051, 1.724044, 30.0000, 2.306778e-04
139, 12, 9.0, 375, 2.816100e-03, 0.001, 2.000, 0.03, 0.09, 0.02, 0.1, 35.00, 0.3, 6450.0, 1.732051, 1.724044, 30.0000, 1.579066e-04
140, 12, 9.0, 400, 1.631700e-03, 0.001, 2.000, 0.03, 0.09, 0.02, 0.1, 35.00, 0.3, 6450.0, 1.732051, 1.724044, 30.0000, 9.149397e-05
141, 12, 9.0, 300, 1.132200e-02, 0.00125, 2.500, 0.03, 0.09, 0.02, 0.1, 35.00, 0.3, 6450.0, 1.732051, 1.724044, 30.0000, 6.348561e-04
142, 12, 9.0, 325, 6.864300e-03, 0.00125, 2.500, 0.03, 0.09, 0.02, 0.1, 35.00, 0.3, 6450.0, 1.732051, 1.724044, 30.0000, 3.849004e-04
143, 12, 9.0, 350, 4.113900e-03, 0.00125, 2.500, 0.03, 0.09, 0.02, 0.1, 35.00, 0.3, 6450.0, 1.732051, 1.724044, 30.0000, 2.306778e-04
144, 12, 9.0, 375, 2.816100e-03, 0.00125, 2.500, 0.03, 0.09, 0.02, 0.1, 35.00, 0.3, 6450.0, 1.732051, 1.724044, 30.0000, 1.579066e-04
145, 12, 9.0, 400, 1.631700e-03, 0.00125, 2.500, 0.03, 0.09, 0.02, 0.1, 35.00, 0.3, 6450.0, 1.732051, 1.724044, 30.0000, 9.149397e-05
146, 12, 9.0, 300, 1.132200e-02, 0.0015, 3.000, 0.03, 0.09, 0.02, 0.1, 35.00, 0.3, 6450.0, 1.732051, 1.724044, 30.0000, 6.348561e-04
147, 12, 9.0, 325, 6.864300e-03, 0.0015, 3.000, 0.03, 0.09, 0.02, 0.1, 35.00, 0.3, 6450.0, 1.732051, 1.724044, 30.0000, 3.849004e-04
148, 12, 9.0, 350, 4.113900e-03, 0.0015, 3.000, 0.03, 0.09, 0.02, 0.1, 35.00, 0.3, 6450.0, 1.732051, 1.724044, 30.0000, 2.306778e-04
149, 12, 9.0, 375, 2.816100e-03, 0.0015, 3.000, 0.03, 0.09, 0.02, 0.1, 35.00, 0.3, 6450.0, 1.732051, 1.724044, 30.0000, 1.579066e-04
150, 12, 9.0, 400, 1.631700e-03, 0.0015, 3.000, 0.03, 0.09, 0.02, 0.1, 35.00, 0.3, 6450.0, 1.732051, 1.724044, 30.0000, 9.149397e-05

Outputs
run_no, wire_mass (kg), max_deformation (m), max_stress_S11 (Pa), max_strain_E11, elapsed_time (s)
1, 0.0426, 1.657303e+00, 2.736595e+07, 7.818843e-04, 15.599
2, 0.0426, 1.277648e+00, 1.947078e+07, 5.563081e-04, 15.659
3, 0.0426, 8.928137e-01, 1.294480e+07, 3.698514e-04, 15.583
4, 0.0426, 6.505875e-01, 9.245891e+06, 2.641683e-04, 13.994
5, 0.0426, 3.933923e-01, 5.515426e+06, 1.575836e-04, 13.716
6, 0.0665, 9.782814e-01, 1.789213e+07, 5.112037e-04, 13.634
7, 0.0665, 6.495250e-01, 1.153871e+07, 3.296774e-04, 15.895
8, 0.0665, 4.056256e-01, 7.112180e+06, 2.032051e-04, 13.982
9, 0.0665, 2.813746e-01, 4.912871e+06, 1.403677e-04, 14.885
10, 0.0665, 1.643508e-01, 2.862306e+06, 8.178019e-05, 13.726
11, 0.0957, 5.286801e-01, 1.118801e+07, 3.196574e-04, 13.638
12, 0.0957, 3.292586e-01, 6.908652e+06, 1.973900e-04, 13.600
13, 0.0957, 1.994374e-01, 4.170636e+06, 1.191610e-04, 13.822
14, 0.0957, 1.369636e-01, 2.861255e+06, 8.175015e-05, 13.842
15, 0.0957, 7.951099e-02, 1.660030e+06, 4.742944e-05, 13.660
16, 0.1702, 1.739233e-01, 4.847199e+06, 1.384914e-04, 13.513
17, 0.1702, 1.057557e-01, 2.944652e+06, 8.413291e-05, 13.776
18, 0.1702, 6.345100e-02, 1.766109e+06, 5.046027e-05, 13.560
19, 0.1702, 4.344855e-02, 1.209231e+06, 3.454946e-05, 13.660
20, 0.1702, 2.517974e-02, 7.007430e+05, 2.002123e-05, 13.614
21, 0.2660, 7.151471e-02, 2.488327e+06, 7.109506e-05, 13.567
22, 0.2660, 4.337943e-02, 1.509134e+06, 4.311810e-05, 13.482
23, 0.2660, 2.600289e-02, 9.045655e+05, 2.584473e-05, 13.516
24, 0.2660, 1.780082e-02, 6.192282e+05, 1.769223e-05, 13.659
25, 0.2660, 1.031446e-02, 3.588002e+05, 1.025144e-05, 13.650
26, 0.3830, 3.450897e-02, 1.440596e+06, 4.115990e-05, 15.779
27, 0.3830, 2.092450e-02, 8.734732e+05, 2.495638e-05, 13.837
28, 0.3830, 1.254098e-02, 5.235038e+05, 1.495725e-05, 16.497
29, 0.3830, 8.584823e-03, 3.583588e+05, 1.023882e-05, 14.258
30, 0.3830, 4.974244e-03, 2.076408e+05, 5.932594e-06, 13.413
31, 0.0561, 1.011834e+00, 1.943555e+07, 5.553013e-04, 15.602
32, 0.0561, 6.942723e-01, 1.282085e+07, 3.663100e-04, 15.721
33, 0.0561, 4.420830e-01, 8.009712e+06, 2.288489e-04, 13.723
34, 0.0561, 3.089059e-01, 5.560951e+06, 1.588843e-04, 13.560
35, 0.0561, 1.812419e-01, 3.249986e+06, 9.285672e-05, 13.532
36, 0.0877, 4.935049e-01, 1.121118e+07, 3.203196e-04, 13.718
37, 0.0877, 3.084288e-01, 6.940352e+06, 1.982958e-04, 13.612
38, 0.0877, 1.870877e-01, 4.194078e+06, 1.198308e-04, 13.512
39, 0.0877, 1.285399e-01, 2.878259e+06, 8.223597e-05, 13.569
40, 0.0877, 7.464058e-02, 1.670213e+06, 4.772038e-05, 13.665
41, 0.1262, 2.470191e-01, 6.655934e+06, 1.901696e-04, 13.874
42, 0.1262, 1.509108e-01, 4.056603e+06, 1.159029e-04, 16.381
43, 0.1262, 9.070572e-02, 2.436039e+06, 6.960113e-05, 15.684
44, 0.1262, 6.214488e-02, 1.668543e+06, 4.767266e-05, 13.602
45, 0.1262, 3.602619e-02, 9.671224e+05, 2.763207e-05, 13.757
46, 0.2244, 7.901695e-02, 2.829144e+06, 8.083270e-05, 16.038
47, 0.2244, 4.794387e-02, 1.716176e+06, 4.903360e-05, 15.912
48, 0.2244, 2.874206e-02, 1.028743e+06, 2.939266e-05, 16.015
49, 0.2244, 1.967660e-02, 7.042504e+05, 2.012144e-05, 11.892
50, 0.2244, 1.140156e-02, 4.080697e+05, 1.165914e-05, 11.925
51, 0.3507, 3.239874e-02, 1.449549e+06, 4.141569e-05, 14.224
52, 0.3507, 1.964527e-02, 8.789112e+05, 2.511175e-05, 13.613
53, 0.3507, 1.177436e-02, 5.267657e+05, 1.505045e-05, 13.614
54, 0.3507, 8.060053e-03, 3.605920e+05, 1.030263e-05, 13.494
55, 0.3507, 4.670181e-03, 2.089348e+05, 5.969565e-06, 13.549
56, 0.5050, 1.562690e-02, 8.389515e+05, 2.397004e-05, 11.790
57, 0.5050, 9.474555e-03, 5.086497e+05, 1.453285e-05, 13.625
58, 0.5050, 5.678344e-03, 3.048457e+05, 8.709876e-06, 13.579
59, 0.5050, 3.887026e-03, 2.086773e+05, 5.962210e-06, 13.659
60, 0.5050, 2.252218e-03, 1.209116e+05, 3.454617e-06, 13.613
61, 0.0718, 7.410318e-01, 1.496733e+07, 4.276379e-04, 13.606
62, 0.0718, 4.835314e-01, 9.542768e+06, 2.726505e-04, 13.693
63, 0.0718, 2.992933e-01, 5.847388e+06, 1.670682e-04, 13.504
64, 0.0718, 2.069698e-01, 4.030804e+06, 1.151658e-04, 13.534
65, 0.0718, 1.206576e-01, 2.345363e+06, 6.701036e-05, 13.513
66, 0.1122, 3.356787e-01, 8.210849e+06, 2.345957e-04, 13.491
67, 0.1122, 2.066458e-01, 5.030580e+06, 1.437308e-04, 13.584
68, 0.1122, 1.245770e-01, 3.027133e+06, 8.648952e-05, 13.775
69, 0.1122, 8.542839e-02, 2.074700e+06, 5.927715e-05, 13.621
70, 0.1122, 4.955044e-02, 1.202982e+06, 3.437092e-05, 13.611
71, 0.1616, 1.649249e-01, 4.812862e+06, 1.375103e-04, 13.793
72, 0.1616, 1.003612e-01, 2.925374e+06, 8.358210e-05, 13.514
73, 0.1616, 6.023188e-02, 1.754905e+06, 5.014014e-05, 13.739
74, 0.1616, 4.124781e-02, 1.201633e+06, 3.433236e-05, 13.684
75, 0.1616, 2.390555e-02, 6.963644e+05, 1.989613e-05, 13.651
76, 0.2873, 5.245935e-02, 2.037807e+06, 5.822306e-05, 13.650
77, 0.2873, 3.181697e-02, 1.235800e+06, 3.530856e-05, 13.477
78, 0.2873, 1.907115e-02, 7.407083e+05, 2.116309e-05, 13.450
79, 0.2873, 1.305537e-02, 5.070536e+05, 1.448725e-05, 13.547
80, 0.2873, 7.564706e-03, 2.938011e+05, 8.394316e-06, 13.579
81, 0.4489, 2.149796e-02, 1.043711e+06, 2.982031e-05, 13.591
82, 0.4489, 1.303460e-02, 6.328082e+05, 1.808024e-05, 13.912
83, 0.4489, 7.812056e-03, 3.792596e+05, 1.083599e-05, 11.697
84, 0.4489, 5.347647e-03, 2.596169e+05, 7.417625e-06, 13.972
85, 0.4489, 3.098537e-03, 1.504272e+05, 4.297920e-06, 11.742
86, 0.6464, 1.036825e-02, 6.040309e+05, 1.725803e-05, 13.798
87, 0.6464, 6.286156e-03, 3.662155e+05, 1.046330e-05, 13.540
88, 0.6464, 3.767428e-03, 2.194805e+05, 6.270870e-06, 13.590
89, 0.6464, 2.578933e-03, 1.502417e+05, 4.292621e-06, 13.575
90, 0.6464, 1.494282e-03, 8.705287e+04, 2.487225e-06, 13.622
91, 0.0882, 5.874913e-01, 1.209504e+07, 3.455726e-04, 13.634
92, 0.0882, 3.738045e-01, 7.580638e+06, 2.165897e-04, 13.504
93, 0.0882, 2.285646e-01, 4.606444e+06, 1.316127e-04, 13.609
94, 0.0882, 1.574277e-01, 3.166694e+06, 9.047696e-05, 13.569
95, 0.0882, 9.155181e-02, 1.839487e+06, 5.255678e-05, 13.514
96, 0.1378, 2.568573e-01, 6.477051e+06, 1.850586e-04, 13.609
97, 0.1378, 1.571797e-01, 3.952111e+06, 1.129174e-04, 13.529
98, 0.1378, 9.453369e-02, 2.374342e+06, 6.783833e-05, 13.690
99, 0.1378, 6.478000e-02, 1.626502e+06, 4.647150e-05, 13.551
100, 0.1378, 3.755805e-02, 9.428289e+05, 2.693797e-05, 13.532
101, 0.1984, 1.252780e-01, 3.777604e+06, 1.079315e-04, 13.490
102, 0.1984, 7.612179e-02, 2.293782e+06, 6.553663e-05, 13.691
103, 0.1984, 4.565899e-02, 1.375491e+06, 3.929974e-05, 13.433
104, 0.1984, 3.126282e-02, 9.417293e+05, 2.690655e-05, 13.572
105, 0.1984, 1.811687e-02, 5.457094e+05, 1.559170e-05, 13.723
106, 0.3527, 3.976397e-02, 1.597146e+06, 4.563273e-05, 13.466
107, 0.3527, 2.411347e-02, 9.684659e+05, 2.767045e-05, 13.617
108, 0.3527, 1.445284e-02, 5.804526e+05, 1.658436e-05, 13.691
109, 0.3527, 9.893696e-03, 3.973458e+05, 1.135274e-05, 13.561
110, 0.3527, 5.732669e-03, 2.302316e+05, 6.578045e-06, 13.351
111, 0.5511, 1.629211e-02, 8.179040e+05, 2.336868e-05, 13.601
112, 0.5511, 9.877948e-03, 4.958914e+05, 1.416833e-05, 13.417
113, 0.5511, 5.920118e-03, 2.971996e+05, 8.491418e-06, 13.584
114, 0.5511, 4.052534e-03, 2.034436e+05, 5.812673e-06, 13.864
115, 0.5511, 2.348117e-03, 1.178791e+05, 3.367973e-06, 13.647
116, 0.7935, 7.857285e-03, 4.733388e+05, 1.352397e-05, 13.577
117, 0.7935, 4.763754e-03, 2.869775e+05, 8.199357e-06, 13.577
118, 0.7935, 2.855014e-03, 1.719912e+05, 4.914035e-06, 13.566
119, 0.7935, 1.954354e-03, 1.177338e+05, 3.363822e-06, 13.784
120, 0.7935, 1.132388e-03, 6.821709e+04, 1.949060e-06, 13.608
121, 0.1048, 4.877791e-01, 1.015559e+07, 2.901597e-04, 15.633
122, 0.1048, 3.059128e-01, 6.302276e+06, 1.800650e-04, 15.615
123, 0.1048, 1.858446e-01, 3.812566e+06, 1.089305e-04, 13.694
124, 0.1048, 1.277472e-01, 2.617324e+06, 7.478070e-05, 13.563
125, 0.1048, 7.420158e-02, 1.519102e+06, 4.340293e-05, 13.529
126, 0.1638, 2.090581e-01, 5.364484e+06, 1.532710e-04, 13.695
127, 0.1638, 1.275453e-01, 3.266472e+06, 9.332778e-05, 13.703
128, 0.1638, 7.662152e-02, 1.960856e+06, 5.602447e-05, 13.473
129, 0.1638, 5.248717e-02, 1.342928e+06, 3.836936e-05, 13.647
130, 0.1638, 3.042466e-02, 7.783394e+05, 2.223827e-05, 13.579
131, 0.2358, 1.015910e-01, 3.120816e+06, 8.916616e-05, 13.585
132, 0.2358, 6.168399e-02, 1.894023e+06, 5.411495e-05, 13.654
133, 0.2358, 3.698885e-02, 1.135557e+06, 3.244448e-05, 13.592
134, 0.2358, 2.532428e-02, 7.774148e+05, 2.221185e-05, 13.688
135, 0.2358, 1.467476e-02, 4.504781e+05, 1.287080e-05, 13.613
136, 0.4192, 3.221203e-02, 1.318513e+06, 3.767181e-05, 15.694
137, 0.4192, 1.953241e-02, 7.994701e+05, 2.284200e-05, 13.696
138, 0.4192, 1.170679e-02, 4.791554e+05, 1.369015e-05, 11.644
139, 0.4192, 8.013814e-03, 3.280015e+05, 9.371471e-06, 13.703
140, 0.4192, 4.643392e-03, 1.900512e+05, 5.430034e-06, 13.515
141, 0.6550, 1.319664e-02, 6.751702e+05, 1.929058e-05, 13.608
142, 0.6550, 8.001058e-03, 4.093490e+05, 1.169569e-05, 13.723
143, 0.6550, 4.795226e-03, 2.453319e+05, 7.009483e-06, 13.619
144, 0.6550, 3.282500e-03, 1.679382e+05, 4.798233e-06, 13.593
145, 0.6550, 1.901942e-03, 9.730648e+04, 2.780185e-06, 13.690
146, 0.9432, 6.364319e-03, 3.907316e+05, 1.116376e-05, 13.562
147, 0.9432, 3.858580e-03, 2.368936e+05, 6.768389e-06, 13.496
148, 0.9432, 2.312523e-03, 1.419749e+05, 4.056425e-06, 13.640
149, 0.9432, 1.583000e-03, 9.718655e+04, 2.776759e-06, 13.703
150, 0.9432, 9.172186e-04, 5.631164e+04, 1.608904e-06, 13.533
